$ANSIBLE_VAULT;1.1;AES256
38383761353433383033326134376632363838656464666639616235353461303234326164343232
3632303462376266656135303933336663663430386332310a313434343565666463663465323734
61363034613965653762626261313033633965653936633034303932336135313361353663353937
6331613362326632630a636636366639303164383134373464316332376161376337633366636632
30653332663766346163333037376336343239343261346364323836346334363030383065316234
30393231393366633335316238323634396139363765353032653865666261313562393436343536
33306161623135633937323835663736306631333463366439623666353364346161646166623066
65346162363130633732353230333134393565313537396434623537343935313861623962393434
61646565653466353439323234363535353837383536306363643862313264363866326462653830
31633336393566343966363766333066343962626265316639383532653062623637656561343536
39343662653036613536636162316339336462363564636334376339623035376631626137303132
36666436643332356261356539633235353936343136343961326466336634323835346133306336
66343366393333373131333135303936636535333731303836656336393164396539363461346162
62613634326336306237666637323238346132343561353030313964356163323965383334393532
39303734343237316538333938333864333661653036386531633234333837643030656538306533
39336365333135383762383437633835646232396230663761383233393061633564666165656465
38383339633539633661353931646234663239626535366136323664383864396565643732613038
32663963316538333832306161663235373835356166323963646631313862636137366136336637
61303966646337376337613163393136396535336661366537666263643865623236353436313831
32343261613736303136356138363933663039316339356130383264623234313034346665636336
39643832303137336466356433626637316231636465396232336666386639633432626162643031
33653035373730353163376235366337353638383963306534653866363665393134643532383433
34343535366565346666363033383464303461326366333430613036376130383234346161646636
35353332343562633732316664623532373138313431663838303464323538646166636463363261
33633131636432343339313132626233656665613135656562396638616539356537353362663037
35633961336434393762633430386336373735363161363832323533303837386362646164313564
66386566366637626663326531666432643931393032376330326638316437303934316364396638
61313331663131616633346136396539313263306131626539383532633064383937616336333062
32666461356432643864363131376139346133303533323931663932376431333963376262623166
30356361373165353432373534373035313463393662333536386435626139393163633463353863
65363037653661666361316631313661316262323563666334376539303735306538613666643133
64616134623132623561393663386436363938363935303238656461343935336665353762353062
66393261666163306566393064353732363530343962313461353330626361643136656532353934
31646263656635633031316166643861626535363961653738393830356266636434303031376166
64613039636436393732323463363038623036613465363530333761643231303333623130613564
61373933373537363665363063306436306165333064373861303062386135373035313936373339
38666663613962326266623833303339373733636635323863626132333437623833353164663964
32363535373436646661643336396664303132316365343831373661363737663161383433393765
30616239363432376530393135323662313933656232643932396436643832393564366634643565
64396437336632346335646537613939363765383465626165393463396237396363623239633638
64363035393466306664313837346333376439303665616534666531663463633338643037323137
30373464326136646261613136333332386131616437373237356238666132376566303435383935
63626666626634653037323939326466336434363636366562623261623565633337323962653539
34333134393734353830323935366433323361373738393335663732663933363034363333373333
36356430376634356263623031303637356231666366653635616633633661643439343234616235
31396161323562373265383865653466633833663432663938616239626136366638623636353934
62643464343533626432386234646661383864613132393464663832353462336430323964656364
30656564353266613664323733386535626239343162663430386665313963313135636537653535
36343437333364346537613031386437623531333530343838663837363066313830663832393932
37386136656331303163653539363633666662633362313933386238633765666235316431336465
61393838613030346436653237316166623237643066366264633434363439663466643663376438
36323466336161663833343339636530396237373137363338313434616663373630343331623530
33356363616161613563613765653562376461303031646163363261333031613035356365316235
37363234363734343762303366373732666636303362326432633838643239316664613562633932
63326631383531386131643738623065643366363561353335653966346262613666343937653131
30346331373462646366393935373233393336396661323836656537356336633034346538613639
32393638663062323361323139353265623633363737663938666632343964613830623766383065
31636561393639636339623530623135353630313436643665633235346438363335343662343863
62616335363462326665623332323663386237633638313562376136623937326363343463363739
32366662306234393662313962633136316362353236643036303163333139303564643936356461
39656636356533663030666530643432656634343435303135366238363162353536626236666638
30613066666362313637393762376563626137646161346236313335636363633563393465313064
31333634396635356236393361313365346632633537396139633632333735303437323135393365
33303734343764326137333262376533366336633136313264356461646539663336663465646163
64656438393963643764346365616134383565323436306234636132313635343565306662363466
31613063323735623434363662393564626362646132306332666433613134393431393734653863
61646565623439333034366437643730343366396462316366313963626537363266393632666162
65653762376333643333646539383438633839396165396438346466356364633535316537643261
33393237633634613062383136336439623866646364353534386232653437396336633763326231
65393261646436656435623835636639656436613366656432303432393837363631643035616338
38396565396539393535353239353539656664316637613134663431633862313966643837623735
38666133303066373564366339633663643432393136316233646138346666643932346563323438
65393166363937646236633439356566663332313035316463663933653234633837383165373033
38623732363864343438313937383832383565373731373433643432366231353931303930616238
34343763663163333662393731333661663430356261643830663138376163643934616664656133
38303663623530353134663137353539633535643834373632376138646665373965623563396564
33666437613361346562346335316166363762343766313732663233393361626338376636666137
31666166393830303436643865373237363133376666613562333237623230323938616462613961
37306132313633393835646132613063643764383835383861616635653830353238636565316538
35333135366233643535363133363331323763383133653664333438306636366161623035376531
63376631373331333964373863333132316433376138326136343436656665386135396438383961
33643234623061323932316630663930646130346166373534623734313864386361313330306632
32633463663765613938303636623661616139333433346432373263313038393031373964316363
62633638613733353164393164316438376233353330396166626264393837646166333334623936
30383438333834393162623339356533356339653965356161356633633638616463383762396437
65363131333432646631306338313835383962653831383834323162333039663166366466396163
30396633666166326436323865376537396637353162613035663934613763393135633535656165
37343864623666356334383531623530333165653230616262666661316164623337623561386139
66333462376531643061323566633935363430303536613466636365386232393832373563333135
35626538626537333335386335343766343264636362636333613833383230646361623931383438
63373462633935313138393830376337306239653463333739343266333939336336633039393239
62393338616464363664616636373039356439636537373064303033663332626439393364363033
38626165336463646131353530656335613333316263613735303134316432613638373764393835
36383366363737313363333364616239386465373861643633653864666265386461366531633133
63303035636264373763306263623931343865633462613831383139363234346137643666366363
62386537333362666463
